10
8.179939
2 1 3
9 3 6
3 7 6
4 9 6
5 2 9
7 6 11
0 9 14
8 1 15
5 9 15

10
1.317289
7 2 1
3 6 1
2 6 1
6 8 1
0 5 2
0 1 2
9 7 4
7 0 4
4 0 4

100
3.758629
0 1 1
94 55 1
53 71 1
65 43 1
92 39 1
59 6 1
1 93 1
50 40 1
8 80 1
83 27 1
73 35 1
80 76 1
90 7 1
42 69 1
6 39 1
22 54 1
40 12 1
97 16 1
45 48 2
63 18 2
54 69 2
6 58 2
63 75 2
74 6 2
6 34 2
63 73 2
78 67 2
82 94 3
11 5 3
11 81 3
89 37 3
17 47 3
29 26 3
38 28 4
12 44 4
91 60 4
22 61 4
64 71 4
8 47 4
49 83 4
43 88 4
22 84 4
20 99 4
70 2 4
58 83 5
91 20 5
90 97 5
48 95 5
62 82 5
54 78 5
0 81 5
17 69 5
98 37 5
60 63 5
56 6 5
22 82 5
42 81 5
96 94 5
45 91 5
25 70 6
36 86 6
56 54 6
21 75 6
60 79 6
68 94 6
26 82 6
62 85 6
5 51 6
77 63 6
32 66 6
2 50 7
37 21 7
63 0 7
60 9 7
34 33 8
37 57 8
72 23 8
66 79 8
31 65 8
32 46 8
64 1 8
73 90 8
11 31 9
30 12 9
87 21 9
30 59 9
3 90 9
5 41 9
59 52 9
14 6 9
38 35 10
86 37 10
20 13 12
26 23 12
49 4 13
15 45 17
19 18 18
77 24 19
89 10 19

100
13.966873
78 29 1
42 73 1
2 52 1
6 7 1
49 34 1
86 19 1
57 26 1
76 79 1
83 26 1
1 97 1
16 65 1
90 14 1
51 80 1
17 95 1
33 66 1
55 48 1
68 13 1
71 12 1
32 17 1
52 70 1
41 84 1
93 23 1
83 82 1
83 19 1
65 63 1
6 9 1
43 87 1
63 13 1
30 2 1
38 20 1
14 94 1
94 12 1
55 87 1
89 18 1
22 38 1
30 23 1
6 0 1
97 43 1
54 8 1
82 47 1
78 31 1
29 71 1
50 92 1
17 24 1
82 3 1
27 21 1
0 4 1
99 41 1
40 77 2
14 11 2
37 51 2
54 32 2
59 11 2
38 65 2
99 73 2
31 18 2
46 94 2
79 39 2
10 21 2
17 60 2
75 78 2
34 45 2
37 33 2
73 22 2
4 43 2
86 51 2
52 21 2
11 84 2
98 50 2
88 24 2
0 75 2
54 31 2
69 31 2
49 89 2
82 41 2
53 5 2
61 86 2
0 62 2
73 52 2
28 8 2
71 81 2
74 61 2
67 63 2
79 34 2
36 40 2
42 72 2
25 5 2
32 77 2
41 92 2
35 0 2
15 81 2
91 49 3
55 44 3
64 23 3
43 85 3
53 38 3
56 70 3
24 96 4
14 58 4

100
22.112013
57 46 1
73 49 1
45 87 1
35 76 1
16 84 1
30 53 1
75 97 1
97 90 1
59 32 1
1 14 1
33 41 1
24 62 1
89 52 1
58 42 1
30 32 1
64 38 1
60 1 1
1 92 1
65 50 1
82 96 1
15 55 1
83 56 1
21 46 1
39 84 1
51 23 1
77 6 1
68 14 1
26 45 1
22 97 1
69 83 1
81 53 1
56 36 1
54 49 1
51 37 1
9 10 1
66 67 1
77 41 1
3 99 1
69 65 1
68 82 1
45 67 1
73 60 1
41 9 1
36 66 1
51 61 1
57 59 1
69 72 1
66 43 1
68 43 1
52 44 1
7 97 1
58 14 1
55 84 1
4 96 1
46 72 1
77 84 1
35 91 1
89 10 1
53 18 1
35 22 1
23 88 1
36 51 1
26 12 1
37 38 1
16 69 1
70 24 1
3 49 1
52 11 1
15 5 1
2 14 1
78 26 1
34 37 1
27 93 2
8 9 2
36 80 2
46 47 2
27 61 2
55 76 2
85 76 2
53 40 2
41 17 2
62 34 2
0 98 2
31 56 2
98 55 2
39 79 2
28 85 2
13 90 2
19 72 2
25 83 2
55 71 2
29 88 2
17 48 2
76 95 3
74 30 3
20 57 3
86 2 3
63 92 3
40 94 3

500
8.186711
274 197 1
289 400 1
194 319 1
208 364 1
467 190 1
212 315 1
128 40 1
372 484 1
325 230 1
35 354 1
143 217 1
486 383 1
454 358 1
439 353 1
261 318 1
343 394 1
465 319 1
93 278 1
353 494 1
110 450 2
55 388 2
308 65 2
204 463 2
374 124 2
90 451 2
352 152 2
126 304 2
149 343 2
472 214 2
428 298 2
124 268 2
168 19 2
453 380 2
266 496 2
400 227 2
155 141 2
18 389 2
440 150 2
9 288 3
18 269 3
80 256 3
287 186 3
491 318 3
131 124 3
273 169 3
152 42 3
122 288 3
122 243 3
101 332 3
21 103 3
274 284 3
37 104 3
360 297 3
106 180 3
135 413 3
301 45 3
420 46 3
330 136 3
186 29 3
403 55 3
354 155 3
328 401 4
154 243 4
306 60 4
442 279 4
327 72 4
492 392 4
406 415 4
255 344 4
300 325 4
250 81 4
390 251 4
268 106 4
74 43 4
287 74 4
286 191 4
281 111 4
254 9 4
123 54 4
362 260 4
62 310 4
222 34 4
301 89 4
61 219 5
298 55 5
393 285 5
321 221 5
167 353 5
52 53 5
339 490 5
283 364 5
102 171 5
62 479 5
57 52 5
240 388 5
374 322 5
294 247 5
266 118 5
312 372 5
426 431 5
306 495 5
444 237 5
269 437 5
52 101 5
345 204 5
313 36 5
440 399 5
467 156 5
428 332 5
211 381 6
418 304 6
195 365 6
135 358 6
387 73 6
359 455 6
236 256 6
124 464 6
495 0 6
31 404 6
345 293 6
39 345 6
234 104 6
57 94 6
38 394 6
147 430 6
465 184 7
473 467 7
152 221 7
153 197 7
278 222 7
380 440 7
95 332 7
350 368 7
155 236 7
428 45 7
351 110 7
448 106 7
484 45 7
436 196 7
490 375 7
177 342 7
242 122 8
78 486 8
232 208 8
325 99 8
114 301 8
476 393 8
131 39 8
241 356 8
65 295 8
421 238 8
444 271 8
27 121 8
157 399 8
406 139 8
58 369 8
205 175 9
206 204 9
98 376 9
344 436 9
125 200 9
154 482 9
57 317 9
187 92 9
294 239 9
330 474 9
292 281 9
458 454 9
191 360 9
132 186 9
112 10 9
203 365 9
328 336 9
487 424 9
269 373 10
267 89 10
353 51 10
132 240 10
99 109 10
15 52 10
306 89 10
34 43 10
280 82 10
97 5 10
169 239 10
23 149 10
112 331 10
301 187 10
394 36 10
446 425 10
120 71 10
333 383 11
453 300 11
360 62 11
36 337 11
376 254 11
487 70 11
497 288 11
494 115 11
243 219 11
347 118 11
357 433 11
15 70 11
342 283 11
121 133 11
391 359 11
427 478 11
142 378 11
340 154 11
17 89 11
286 480 11
11 364 11
454 145 11
84 348 11
137 239 11
95 426 11
17 144 12
322 323 12
42 53 12
438 420 12
446 376 12
491 436 12
445 311 12
472 405 12
328 315 12
426 99 12
366 375 12
409 254 12
298 72 12
162 403 12
278 454 12
72 32 12
129 196 13
196 294 13
419 5 13
353 350 13
205 276 13
307 290 13
89 364 13
464 355 13
451 249 13
253 67 13
10 80 13
24 80 13
97 162 13
192 294 13
34 129 13
181 142 13
486 7 13
382 325 13
69 292 14
338 468 14
124 487 14
137 311 14
186 348 14
147 491 14
260 411 14
448 214 14
462 45 14
22 383 14
167 274 14
232 44 14
187 201 14
486 230 14
220 402 14
310 226 14
108 468 14
47 409 14
249 352 15
285 329 15
181 424 15
228 464 15
295 34 15
14 195 15
400 170 15
304 138 15
139 91 15
30 73 15
99 220 15
264 273 15
181 151 15
314 266 15
18 116 15
8 91 15
350 7 15
236 164 15
201 184 15
100 407 15
10 408 15
366 264 15
360 78 15
277 181 16
201 459 16
24 88 16
54 235 16
172 378 16
319 118 16
373 394 16
489 333 16
497 60 16
45 209 16
453 146 16
367 492 16
193 362 16
237 343 16
154 417 16
476 429 16
376 384 16
171 202 17
86 393 17
351 406 17
370 226 17
67 430 17
435 207 17
400 194 17
273 223 17
71 127 17
114 349 17
121 37 17
292 407 17
483 28 17
238 242 17
251 224 17
59 126 17
263 282 17
67 23 17
382 126 17
387 472 17
152 276 18
492 32 18
80 201 18
1 446 18
320 391 18
305 150 18
345 58 18
414 96 18
321 447 18
213 443 18
290 255 18
300 395 19
347 433 19
238 473 19
448 159 19
406 127 19
48 41 19
431 160 19
489 471 19
128 244 19
226 28 19
399 107 19
444 76 19
385 332 19
244 181 19
117 230 19
59 163 20
425 270 20
303 399 20
386 91 20
281 354 20
16 71 20
106 285 20
199 275 20
195 411 20
189 57 20
182 104 20
190 108 20
401 351 20
91 211 21
493 325 21
403 33 21
224 44 21
28 133 21
21 313 21
229 61 21
412 7 21
120 121 21
452 240 21
80 442 21
475 357 21
423 45 21
469 77 21
410 219 21
299 246 21
481 189 21
296 404 21
326 470 21
301 324 22
348 4 22
40 200 22
262 4 22
329 320 22
377 359 22
401 50 22
133 363 22
314 68 22
449 345 22
148 457 23
272 398 23
86 26 23
470 172 23
174 353 23
420 367 23
207 134 23
485 128 23
156 2 23
147 207 23
334 370 23
138 296 24
456 448 24
224 64 24
48 407 24
119 382 24
6 211 24
62 252 24
178 415 24
407 77 24
254 241 24
219 257 24
198 434 25
417 56 25
158 316 25
366 173 25
426 136 25
235 237 26
157 168 26
335 98 26
231 110 26
282 445 26
83 255 26
123 198 27
340 176 27
157 248 27
422 435 27
148 18 27
309 185 27
472 202 27
251 280 28
396 95 28
213 102 28
441 486 28
497 461 28
300 81 28
353 260 28
158 432 29
0 66 29
265 424 29
127 140 29
426 85 29
315 79 30
311 245 30
216 136 31
408 20 31
423 432 31
3 476 31
113 365 31
218 455 32
498 404 32
233 359 32
166 328 32
210 384 32
106 215 33
246 255 33
258 262 33
249 488 34
295 12 35
72 199 36
183 316 36
302 57 36
291 340 36
477 68 37
481 309 37
161 366 38
49 75 38
374 25 38
270 143 39
397 494 39
5 371 39
346 41 40
298 165 40
21 466 40
283 179 40
197 188 41
318 379 41
470 75 42
427 180 43
108 13 43
38 361 43
236 414 43
405 416 44
398 414 44
259 378 44
137 460 47
150 87 48
130 396 49
341 245 51
499 432 52
357 63 60
105 461 77
225 287 78

500
1091.57859
91 481 1
338 287 1
441 79 1
304 26 1
328 81 1
453 28 1
237 311 1
253 261 1
107 234 1
357 468 1
250 62 1
418 355 1
185 390 1
107 299 1
261 65 1
424 41 1
251 152 1
495 312 1
496 107 1
454 246 1
72 440 1
498 405 1
337 215 1
242 475 1
248 453 1
403 128 1
350 333 1
176 307 1
328 26 1
427 433 1
352 24 1
41 39 1
405 176 1
16 268 1
344 410 1
173 335 1
267 466 1
257 330 1
110 360 1
152 493 1
441 261 1
398 384 1
51 184 1
71 39 1
478 239 1
128 21 1
383 68 1
89 131 1
84 89 1
483 19 1
332 443 1
96 287 1
250 187 1
126 87 1
290 476 1
143 96 1
356 451 1
270 481 1
224 65 1
217 245 1
354 236 1
143 284 1
182 88 1
136 218 1
471 375 1
374 433 1
32 383 1
267 77 1
211 13 1
305 171 1
334 226 1
387 123 1
108 357 1
308 174 1
34 437 1
143 352 1
124 86 1
222 273 1
482 89 1
405 433 1
227 217 1
252 61 1
79 230 1
24 134 1
484 376 1
162 437 1
114 107 1
444 485 1
109 435 1
449 305 1
5 453 1
112 485 1
103 312 1
250 300 1
12 445 1
227 386 1
486 17 1
254 211 1
103 425 1
420 339 1
368 219 1
465 256 1
113 395 1
163 186 1
183 488 1
281 147 1
493 117 1
185 27 1
131 344 1
114 255 1
1 0 1
91 494 1
479 402 1
86 440 1
257 334 1
179 494 1
98 485 1
368 309 1
79 209 1
3 254 1
147 395 1
345 117 1
201 122 1
30 370 1
77 380 1
107 315 1
201 144 1
430 104 1
437 371 1
404 180 1
48 181 1
424 390 1
130 90 1
35 374 1
284 453 1
348 211 1
131 469 1
184 271 1
78 309 1
239 467 1
455 362 1
413 360 1
300 396 1
224 362 1
135 343 1
327 92 1
469 11 1
262 72 1
123 372 1
151 116 1
323 107 1
169 261 1
387 115 1
427 248 1
217 288 1
140 109 1
347 192 1
460 380 1
161 8 1
88 263 1
88 163 1
180 285 1
100 97 1
480 233 1
50 464 1
311 418 1
81 70 1
11 273 1
474 305 1
375 105 1
69 432 1
376 269 1
90 212 1
129 258 1
459 131 1
179 2 1
11 480 1
75 326 1
201 464 1
352 254 1
461 114 1
420 80 1
397 370 1
498 115 1
31 26 1
68 380 1
5 108 1
24 107 1
119 172 1
472 364 1
37 80 1
395 212 1
66 322 1
2 387 1
365 309 1
380 83 1
313 406 1
441 442 1
329 156 1
304 131 1
148 416 1
10 44 1
277 492 1
146 395 1
324 86 1
383 117 1
255 200 1
172 384 1
269 440 1
261 448 1
306 212 1
483 79 1
133 131 1
385 290 1
255 7 1
194 337 1
46 11 1
89 340 1
272 458 1
119 16 1
98 357 1
85 134 1
393 343 1
483 324 1
166 398 1
362 487 1
23 470 1
316 370 1
256 92 1
178 149 1
382 275 1
459 260 1
84 40 1
186 489 1
48 259 1
183 305 1
300 389 1
196 131 1
251 473 1
20 100 1
438 250 1
192 207 1
371 320 1
108 288 1
441 247 1
341 310 1
83 413 1
403 51 1
311 410 1
287 474 1
143 187 1
66 296 1
381 119 1
303 430 1
491 95 1
207 363 1
148 380 1
296 236 1
226 99 1
6 201 1
102 204 1
244 169 1
187 246 1
47 2 1
303 256 1
287 137 1
343 452 1
20 123 1
426 88 1
17 130 1
186 475 1
498 329 1
275 358 1
450 99 1
369 207 1
85 165 1
122 473 1
59 169 1
286 123 1
362 450 1
154 126 1
381 460 1
4 146 1
90 68 1
411 20 1
55 27 1
412 361 1
336 479 1
174 282 1
311 481 1
30 135 1
350 107 1
452 312 1
211 34 1
451 383 1
280 483 1
121 450 1
65 279 1
445 373 1
382 71 1
156 342 1
61 98 1
370 228 1
284 174 1
271 165 1
115 210 1
397 416 1
443 205 1
361 459 1
126 162 1
491 480 1
418 141 1
227 140 1
13 185 1
304 225 1
298 418 1
446 7 1
149 426 1
354 457 1
29 185 1
355 306 1
455 159 1
479 179 1
489 488 1
258 51 1
178 151 1
1 406 1
157 87 1
431 339 1
287 376 1
283 338 1
74 157 1
221 22 1
157 236 1
33 364 1
318 150 1
245 105 1
134 232 1
414 63 1
26 363 1
343 168 1
15 106 1
314 37 1
264 36 1
111 397 1
11 407 1
293 70 1
249 442 1
430 270 1
462 449 1
54 195 1
399 168 1
191 401 1
157 52 1
399 93 1
336 409 1
176 120 1
463 314 1
245 164 1
356 45 1
366 429 1
188 126 1
239 388 1
18 83 1
417 151 1
408 323 1
294 97 1
106 251 1
355 297 1
305 190 1
223 151 1
422 199 1
205 104 1
249 102 1
367 54 1
321 322 1
57 293 1
259 399 1
150 358 1
337 6 1
356 415 1
428 4 1
439 194 1
400 403 1
368 418 1
477 376 1
414 37 1
301 353 1
346 326 1
97 158 1
4 456 1
423 42 1
366 282 1
331 416 1
63 438 1
391 348 1
459 64 1
153 120 1
243 50 1
396 161 1
230 197 1
306 73 1
58 433 1
442 54 1
261 292 1
480 490 1
218 60 1
387 423 1
357 177 1
350 229 1
388 62 1
67 189 1
325 211 1
189 199 1
221 497 1
368 394 1
214 419 1
160 214 1
160 65 1
168 94 1
328 492 1
338 1 1
417 272 1
213 108 1
481 127 2
136 341 2
379 1 2
248 335 2
264 375 2
497 470 2
157 218 2
203 39 2
445 377 2
242 69 2
249 317 2
76 32 2
373 189 2
208 390 2
169 434 2
57 175 2
196 378 2
8 346 2
220 153 2
341 23 2
276 222 2
393 49 2
422 68 2
273 353 2
201 10 2
278 245 2
214 447 2
383 359 2
326 265 2
469 392 2
122 238 2
145 36 2
499 315 2
311 56 2
299 404 2
198 467 2
108 125 2
256 82 2
351 337 2
421 262 2
14 417 2
142 452 2
68 139 2
295 370 2
112 170 2
38 364 2
240 246 2
138 135 2
121 53 2
444 291 2
290 207 2
231 373 2
327 206 2
261 349 2
8 118 2
422 25 2
266 38 2
216 318 2
459 274 2
33 14 2
9 156 2
132 370 2
193 433 2
319 358 2
241 180 2
413 191 2
435 202 2
83 101 3
372 43 3
211 436 3
155 339 3
321 289 3
235 285 3
167 381 3
165 302 3

500
6624.558526
322 409 1
421 358 1
263 117 1
472 446 1
209 419 1
456 22 1
177 493 1
206 173 1
411 257 1
484 71 1
166 409 1
456 474 1
432 461 1
339 288 1
404 491 1
477 432 1
313 396 1
427 233 1
74 12 1
411 201 1
490 227 1
67 252 1
218 16 1
308 455 1
466 388 1
291 144 1
378 354 1
245 7 1
355 161 1
80 315 1
11 289 1
33 377 1
14 107 1
260 386 1
254 150 1
208 19 1
452 418 1
152 300 1
275 95 1
395 471 1
194 436 1
2 174 1
204 444 1
182 129 1
177 246 1
356 489 1
23 279 1
21 498 1
159 205 1
97 290 1
103 1 1
109 124 1
71 432 1
406 193 1
5 291 1
406 425 1
328 70 1
47 80 1
58 213 1
369 209 1
240 125 1
238 133 1
13 316 1
86 82 1
159 427 1
212 167 1
284 356 1
388 328 1
160 494 1
209 143 1
97 347 1
58 444 1
418 497 1
497 481 1
5 46 1
72 330 1
361 132 1
242 300 1
60 108 1
161 370 1
78 316 1
114 327 1
400 272 1
23 325 1
234 232 1
102 387 1
271 426 1
203 464 1
287 108 1
47 13 1
424 331 1
262 234 1
293 285 1
497 103 1
268 165 1
405 87 1
282 456 1
401 415 1
234 92 1
249 45 1
177 108 1
341 18 1
246 458 1
483 398 1
106 431 1
329 152 1
335 56 1
262 424 1
487 52 1
201 53 1
185 45 1
16 35 1
147 235 1
374 81 1
339 412 1
58 158 1
391 469 1
126 439 1
313 130 1
88 499 1
413 456 1
364 385 1
194 439 1
96 140 1
333 268 1
148 368 1
100 192 1
240 181 1
10 448 1
187 406 1
45 51 1
112 126 1
89 174 1
129 27 1
232 275 1
254 85 1
271 308 1
338 118 1
55 450 1
277 499 1
14 414 1
451 98 1
432 209 1
146 406 1
426 435 1
458 428 1
201 474 1
497 146 1
295 41 1
138 429 1
131 28 1
237 249 1
295 456 1
497 251 1
233 40 1
16 38 1
195 470 1
364 347 1
165 96 1
23 183 1
103 247 1
274 204 1
176 118 1
212 121 1
21 260 1
80 291 1
354 176 1
491 45 1
216 27 1
122 347 1
88 16 1
250 196 1
227 407 1
291 192 1
472 205 1
85 467 1
339 361 1
339 14 1
489 295 1
126 335 1
287 451 1
86 276 1
109 236 1
370 174 1
342 397 1
247 334 1
359 337 1
194 159 1
401 496 1
388 211 1
306 263 1
472 257 1
414 314 1
88 166 1
133 142 1
307 126 1
112 266 1
306 248 1
398 71 1
474 84 1
94 125 1
429 57 1
376 356 1
316 498 1
483 78 1
429 399 1
258 389 1
173 474 1
489 399 1
121 314 1
405 221 1
374 161 1
272 243 1
157 174 1
99 30 1
31 186 1
443 338 1
266 263 1
124 55 1
421 375 1
154 361 1
480 85 1
312 342 1
248 428 1
384 201 1
363 183 1
232 327 1
316 156 1
106 171 1
416 232 1
397 66 1
332 471 1
73 278 1
107 483 1
379 454 1
343 200 1
285 308 1
109 181 1
443 254 1
393 12 1
461 384 1
464 499 1
81 132 1
404 35 1
429 152 1
317 342 1
94 284 1
62 270 1
296 312 1
428 180 1
230 435 1
113 480 1
427 433 1
261 70 1
93 179 1
342 222 1
269 459 1
228 333 1
478 28 1
344 444 1
77 345 1
348 464 1
301 200 1
248 39 1
337 433 1
331 460 1
200 56 1
475 220 1
42 90 1
99 391 1
191 57 1
93 482 1
419 462 1
285 339 1
483 440 1
295 93 1
427 320 1
323 450 1
266 199 1
255 160 1
459 162 1
226 126 1
235 181 1
128 481 1
438 279 1
400 298 1
202 151 1
495 326 1
215 219 1
120 315 1
476 202 1
131 283 1
233 387 1
372 430 1
142 91 1
201 82 1
309 310 1
332 475 1
294 402 1
488 407 1
298 384 1
82 443 1
321 60 1
385 491 1
251 253 1
325 249 1
158 476 1
175 360 1
387 137 1
491 467 1
462 178 1
386 345 1
256 403 1
292 278 1
112 105 1
137 241 1
370 488 1
26 236 1
262 391 1
283 193 1
483 465 1
365 477 1
33 477 1
306 187 1
350 305 1
52 376 1
15 192 1
366 162 1
28 445 1
441 86 1
148 476 1
348 87 1
141 455 1
300 163 1
48 21 1
24 43 1
314 317 1
132 305 1
358 236 1
440 448 1
439 453 1
155 192 1
270 243 1
17 249 1
169 468 1
113 396 1
281 481 1
201 389 1
186 291 1
124 256 1
210 339 1
8 44 1
139 309 1
325 139 1
424 82 1
425 274 1
473 440 1
468 452 1
123 248 1
237 127 1
341 157 1
224 353 1
123 7 1
96 57 1
434 379 1
24 257 1
420 190 1
74 479 1
44 477 1
306 394 1
180 170 1
189 21 1
229 42 1
379 102 1
201 299 1
328 63 1
381 409 1
294 490 1
442 454 1
459 333 1
168 29 1
454 188 1
277 324 1
41 91 1
50 457 1
428 54 1
367 201 1
351 451 1
6 447 1
196 444 1
329 449 1
113 410 1
136 198 1
296 67 1
137 349 1
145 453 1
278 259 1
409 223 1
340 354 1
41 59 1
43 135 1
101 133 1
184 199 1
226 475 1
310 420 1
239 268 1
495 69 1
438 111 1
441 231 1
408 410 1
338 485 1
216 313 1
367 392 1
72 217 1
304 70 1
372 70 1
374 280 1
299 273 1
18 255 1
175 150 1
6 301 1
269 357 1
336 175 1
244 270 1
366 110 1
30 65 1
229 99 1
423 164 1
388 497 1
446 197 1
302 218 1
274 37 1
377 49 1
443 115 1
61 57 1
430 19 1
417 478 1
363 0 1
75 324 1
346 358 1
107 25 1
292 493 1
32 412 1
356 362 1
12 380 1
324 486 1
220 431 1
265 307 1
72 457 1
267 156 1
264 256 1
379 470 1
164 173 1
80 116 1
182 72 1
234 390 1
448 149 1
34 211 1
496 488 1
319 237 1
207 473 1
52 104 1
152 289 1
214 26 1
354 215 1
9 376 1
269 76 1
151 463 1
383 150 1
108 4 1
174 64 1
51 326 1
311 215 1
41 371 1
36 186 1
437 270 1
172 337 1
252 119 1
314 352 1
274 422 1
79 117 1
464 492 1
299 373 1
225 51 1
306 303 1
24 380 1
353 432 1
162 318 1
21 382 1
29 292 1
134 285 1
153 482 1
297 161 1
390 198 1
83 31 1
20 343 1
462 3 1
136 68 1
286 324 2

