10
8.138855
2 1 3
9 3 6
3 7 6
4 9 6
5 2 9
7 6 11
0 9 14
8 1 15
5 9 15

1.493798
2 1 3
9 4 6
3 7 6
3 9 6
9 6 13
0 9 14
9 5 15
7 8 15
2 3 24

0.477606
1 2 3
7 3 6
9 4 6
3 9 6
9 0 14
7 6 11
8 1 15
5 9 15
8 7 15

10
0.682825
2 1 3
9 3 6
3 7 6
4 9 6
5 2 9
7 6 11
0 9 14
8 1 15
5 9 15

0.496777
2 1 3
9 4 6
3 7 6
3 9 6
9 6 13
0 9 14
9 5 15
7 8 15
2 3 24

0.304658
1 2 3
7 3 6
9 4 6
3 9 6
9 0 14
7 6 11
8 1 15
5 9 15
8 7 15

10
0.433971
7 2 1
3 6 1
2 6 1
6 8 1
0 5 2
0 1 2
9 7 4
7 0 4
4 0 4

0.504652
7 2 1
6 3 1
1 0 2
5 0 2
6 2 3
0 4 4
0 7 4
8 3 5
9 4 5

0.41379
7 2 1
2 6 1
8 6 1
3 6 1
7 0 4
6 9 6
0 4 4
3 5 9
1 8 10

100
3.722703

2.848132

2.102192

100
14.102505

6.532954

6.762135

100
18.809823

5.574952

9.660707

500
7.915972

0.718655

3.390245

500
1085.971159

27.627268

1059.286136

500
6738.864722

40.589225

6752.195

