10
8.226691
2 1 3
9 3 6
3 7 6
4 9 6
5 2 9
7 6 11
0 9 14
8 1 15
5 9 15

10
0.59512
7 2 1
3 6 1
2 6 1
6 8 1
0 5 2
0 1 2
9 7 4
7 0 4
4 0 4

100
3.990089
0 1 1
94 55 1
53 71 1
65 43 1
92 39 1
59 6 1
1 93 1
50 40 1
8 80 1
83 27 1
73 35 1
80 76 1
90 7 1
42 69 1
6 39 1
22 54 1
40 12 1
97 16 1
45 48 2
63 18 2
54 69 2
6 58 2
63 75 2
74 6 2
6 34 2
63 73 2
78 67 2
82 94 3
11 5 3
11 81 3
89 37 3
17 47 3
29 26 3
38 28 4
12 44 4
91 60 4
22 61 4
64 71 4
8 47 4
49 83 4
43 88 4
22 84 4
20 99 4
70 2 4
58 83 5
91 20 5
90 97 5
48 95 5
62 82 5
54 78 5
0 81 5
17 69 5
98 37 5
60 63 5
56 6 5
22 82 5
42 81 5
96 94 5
45 91 5
25 70 6
36 86 6
56 54 6
21 75 6
60 79 6
68 94 6
26 82 6
62 85 6
5 51 6
77 63 6
32 66 6
2 50 7
37 21 7
63 0 7
60 9 7
34 33 8
37 57 8
72 23 8
66 79 8
31 65 8
32 46 8
64 1 8
73 90 8
11 31 9
30 12 9
87 21 9
30 59 9
3 90 9
5 41 9
59 52 9
14 6 9
38 35 10
86 37 10
20 13 12
26 23 12
49 4 13
15 45 17
19 18 18
77 24 19
89 10 19

100
14.536366
78 29 1
42 73 1
2 52 1
6 7 1
49 34 1
86 19 1
57 26 1
76 79 1
83 26 1
1 97 1
16 65 1
90 14 1
51 80 1
17 95 1
33 66 1
55 48 1
68 13 1
71 12 1
32 17 1
52 70 1
41 84 1
93 23 1
83 82 1
83 19 1
65 63 1
6 9 1
43 87 1
63 13 1
30 2 1
38 20 1
14 94 1
94 12 1
55 87 1
89 18 1
22 38 1
30 23 1
6 0 1
97 43 1
54 8 1
82 47 1
78 31 1
29 71 1
50 92 1
17 24 1
82 3 1
27 21 1
0 4 1
99 41 1
40 77 2
14 11 2
37 51 2
54 32 2
59 11 2
38 65 2
99 73 2
31 18 2
46 94 2
79 39 2
10 21 2
17 60 2
75 78 2
34 45 2
37 33 2
73 22 2
4 43 2
86 51 2
52 21 2
11 84 2
98 50 2
88 24 2
0 75 2
54 31 2
69 31 2
49 89 2
82 41 2
53 5 2
61 86 2
0 62 2
73 52 2
28 8 2
71 81 2
74 61 2
67 63 2
79 34 2
36 40 2
42 72 2
25 5 2
32 77 2
41 92 2
35 0 2
15 81 2
91 49 3
55 44 3
64 23 3
43 85 3
53 38 3
56 70 3
24 96 4
14 58 4

